17615518696115830093205780900610403976965890120306558263934271863466250928156835071942776300247288508042142399672942542964469378747427736554057069034492927

9153435904795031890739651494909237517718030316241743685764376864003207128398318387338423206779490111170304128405805827936708725149163643412785997391747168
6441228007341744115187465415205124657255706129960058866274005787613947927252902051275625308834385969725494818187096819859331705560405188085710861149150405
5552329972222642914807328242456402440495923582150624080557670090696731723972219246394713829219899163047360531726373883380196539275437292846723692714844963
10985611608160791961877399561237053918534014931088208340528055552046749606801789951559153859369442302243915987312269425273088449190220139931666736958722414
14290189279832797184884009601903427027541263840257152752782294658261483749500121676738579514576370802791709748866395629663757794123972686076171337334155245
2600935292832531885763727040575624183167490039967930983151804659743954715943022733547508909005517754663444609562111892953971710415259698371194762591945429
3409826123775415577272520680529404571024035981585806609785809984773244232991292473088404678967903923156736182431835205504805220386178764143027284090038733
1928227493112656033165727893965455760343925719912268181996274952190204654508487166590963518371738191613254008285344758968594354963767552136966665207071160
717352791422045442841508597675985865266954326514813275410827532065125493366549104598795955590071790223644029955576365271611417026114953731079756401934674
15641514063916788026518792524234184231091839187583609492598551998816666894680223853878402772091411389111708996849085291407655335619143104468931207075298714
13880452632430842686013341445704624131726255596355481460113564970542174013616024360641924406498540971666767450237534893392502517099508324389587294744327288
629721263175326893804604975935681873029443491609825209611569987001218540080274427866200323708787283613503350286981073758475771624765360600618933978900390
6844613514647037224628452782056618017463816211905806763480490836299054756629333485471301340210852324248562521884854339524229091204157308935737475639589774
3547529247921206096372609208064062898124678693234310811776987228475873785052638084235794807344999017282092474394780920447887024815908742864854008280935354
1146359191722072951207631049461316949791904890468558153793738555850766193109078793337586832904869827491680254087570191778710363554897647458455220522702985
3122020840204613991505574158091844359818055932897286056280235607231998405252883218263417445670469219352560036534939257918905631318578583521680995225297078
17416634209991311856951126132066319703888939709241476202215963480024368115456037271532381003846812002351560611016460575335725541397891430574141977344625969
1717742025712756916273896582588161062356357428280291458177522591313449210482799064109055603032421525449299970796003231032423174731961297110874865740624568
9070863418557416585879013189268135163586315856725521489052147593959424770259139439241037816850622337253813076831096616090272115748366953601004363320537785
9233654046138042239197052887827220544646073936405457905964811818532975220450278211079357708592906398432310829914405308349666200433897126336840610103403494
5621149724951109134858543446784708693683899239734551670275725118591114713696254728435995094575844981738425487331379777946733410929865211333828334030960849
16373253113138610046641132990396441775110287198606009713869062781302854921715333230621460433492628359449671950101079169379859359658520423820676357697020513
16629923108951696939718781705163469907046868096045094093179827437094261372390108117770990133071722747859587861788226044197578579690683699464027513798167149
12504400289887322325759271576611448264290011519076073483825945059265495682259248959758319522402323952633901457454348840041667301135880695538288028653813431
2292437194834705794701350564839493976891031567000477399582069508909324150790841366775473932124450796266802750413085840540584594517093147112810153464348325
3028219376745594083590768043315510705027392092367227715717371745997119137906424541563970285279542277480551201933127592115878373492802186718562670322644460
11709638569659278004257916845428812174256361197563387939370654951455105114697728512591720679617349525766004643697197542094766496972006206792040613369232914
13906122821865849303386904686372376881292383590278464711533306610108332444094838470355132667741320021224316306195217210902580004317806925358226808750776058
3315963332753503614553458990537063734585646084029853873956509641544616759692337423206016511696879593296777646702635018892967420876079763721908727391056360
16818589023347844063014642852582456727160528704648500827433993898728600018647839636573472572316784819686603478480348994105892211939307982910638491001405527
8974611891983406502769710856078779926629445302388549627825861838288677064635103789539756376884009340129495831786413128525255310185249790169498710633533671
16541606327739972106500558285989386219337028363466797617084282673342577062800960183411927766741071254872767089654606790622256996616476585110151812552896272
6632710335631456878604854988014112327859970444446451281642258879100122612863856596101765625835834881238237538799263943253414650356244697462690217375233711
3890115814622464317076567727819080739042959580049969514303354967166920960206815689747451667406159066760918362672169697970016121557081059235439597161892886
9557461328808335220739322625009622445884781161644673932594586954076280217146176748905478367941657277073177776078034442526465284530856961972388148294438562
11783391212509147187323094169214391953841251352129388739984100007492461087657842686730659685604071663616709469506402439955726415928990862709948212147256310
15296235265251254615592671699697740761915224736531976863292129377923294001793015636696815366328469684545261769548983449629816726774638797626438758936197222
14753156611444830143494370707541479920407706733940930124114234095881083162667763600104986288083135943835823705877501562039078231207811598998264897055940105
2749597191487731032435324275305460609369327087650875017593144626853325083679788212718833163138285081508583794288004842224016643913192953534070590990771082
11223613929803575485218503257225863256123666672029843704947971836570509750718813842806303317276594739200582362102942021741119178142172657343713855805761864
16095397878901257010410105687403614083964588874729898391198657665863652726625270788298157564884080680592378236486799552481335601671453782829339824852973884
4653673899023022094656306123388851540065471137618488462415153157034092431084833006158339802026202220837301701771248458543893638222053674784255393086315151
927734170452017423873029274370266998056181678245140485766056433713698595126324607881671597723943792754162502897794923555624586340247249045011217806712852
14061082410955991021945034351583018927271392298865246952634355126384237184384229181378863225610187834989526017734434121261538014015115625032976313761704183
9777599427780830764300796378012885212161300536964384441896498640444897179688825951707098172876638691632384462212474810190943049588703531608834927559696120
15742957866101406246190073160736269956705346123257812771495853116112787306632322095275299242097766332870013358814209855236868775958020375262048764005954391
